LR = 0.03
Accuracy on test = 0.49861687413554634
Loss_min = 2.4509557485580444